000075400000000008080190000300001060000000034000068170204000603900000020530200000
300000000050703008000028070700000043000000000003904105400300800100040000968000200
302609005500730000000000900000940000000000109000057060008500006000000003019082040
530000008007000030200006901000500200090370004000981000300040560000090000000007080
008310900095000160000000005000400000000080049006072000000001030000240607001008200
000400970000051600042000010030000000070508064000070000700030000300090000005864009
060500000720000000000000320000050637000004500000230180180009000603070000004006003
274000030000000005000600041900306000100280000006054000000000002007000583000095700
570000069000003800090000000801600000000030600702000050000060501000702000006091032
005200000400300700600000010800020100040800500000095000083040070090006080500902000
400500600200000000000020000002004380000030000790000504000060490070093810500100030
000790000001000000040050080000800027009003000000020403000040600004907100600501790
060010000403700008520640000002000000009438005000006300004301200000200000005070000
130400000705300000600020000000000027000900400000000085860500003059103000002004060
020001048400000037071006020500000000000010802000809500090030400000040000000902060
000000020006410035180020000008130406020000300600000000790005000004000008001300002
040000200000007090000006010870020004901000028060030100006800041000070050005900000
000030009048900000200470100125000080000080710000500000000090054061000003000050070
000000060306000000000000805000605071005000300100870042900200014201080000000703000
900000586008070004401000300002010900804005100000007000003008702000000000600040009
000032970070045010000800000001060000000000000029000840500620007004000009100009036
950003008800002000031000000060350090010007050000060010008000307000206009007000004
000000000300027801100083000005001000001370060007004002200060070004000000900030650
030207001000180670001030050000500900190004008000600020300700000000005080000020006
600000004020507000000000031010900060000350109800000002240108000067090000003000006
600095000000061802000000100500016000004000200002008036000002450040050000003400070
201070800460000090080010040000050030030980051000006000004097000500000000090020700
090000030100000800000312700050640007000730240080500000026000010000004300000050060
000560300100000800024000000009000000080720006610800000007206000400080037000104090
090035406001000000007000089070940050100200000006800700008004030000600040605000000
050060040006247091000190000000600900200000084000300005031000008000000006004000250
000001050004000280000820007000006000000287000070000090500070061900060020002043500
003140970509000000080002001000900063000003700900500400070000340200008000000057000
000084970600030000000600200008050700030720850000000000080047103000008400200100000
000400018000016200000005000000090305004007060006001004080060029059000600010000700
076000002050100043000060010640010000000050001002073000807000030069030007000000400
000806009069000400000000700700900100030700002008040005000002031000104800070050600
000098000070105020030040009007502000000000600012060004000080900700006431040000000
020000008000000004007000352000050093608090000005002410700300000003100600000608005
001000700040609000002408300000005070003000104000900263004090000000502008080000020
500040081900630000000000006000260004000071090000900800008004060093080200100000700
008040005326109000051003000000070000000205907000008060005030000003004000010000380
300600500200000003007340001592000017080070000001900460006009000000000802000800000
209030700405060000000700906000006007001800020300000400050000002004020009702000300
140000003080004000000090000500040308000007569001000040090060800305000007060051000
280760000000001000000008060000104000050000000760023040609007420000080003000090507
000300000090008200000960750035000000000004000041000890204005009050100000700046001
000007080800056400060010007003500600700000000900000501400008010000005063002070009
090020007060007009000090410200000360000004500040700000900840230000005040300100000
010000400072000093409000760006208900800006570000009000050000001004030000003005000
503060800090700501000000026200007000080000705060489100000104000100000003009000000
700001800000000005003002010200500460000704000008000502001009000050370000480010300
074000506096802000000000000000590080000307000700000600080600400100420763000000900
000010806040002000000050000830070509900003002000006087500000600301900205000080000
000970000002000051000000000090000500001040060306590418000000000020010097050300204
000380000060000009007500600000000005000000087500071060200000040043790050001620030
000720000000010074067009001000100009003500100000036000090004607608000000200803000
000005024900000100040000070480900010020000006006800000370060500000100302860000007
264730000000900000800000300002000050400000620600001008000050034100020700000008509
000069000000014720070003040000000081800001070002000300906300000500000400700500019
000600057037800092060000000000007000000005008008401300002730109180000000403000000
000000003006000720003608000002001400001050090300090010000000080090100600050082940
004500000000000000000130049010020000000010905600000730130006570900300100007400008
001000026700001930000020017030005001014000000000706005400080070000530000090200000
000000000100380640000460900050016000000000804709000200807900060200500009900000003
400620035005000001700000408050001000302040000007000284003065000010030000000000900
800700001000030204004126700000010008006082000190300000003000060900405000000000100
005004002080005006000060000000000700560130080029000610000700000000506407002009008
009003050000000300003704601000109000000020870067000009090206400080400200000080000
000003040040800000206004078870000010503709600000000020700000000050000203010065000
683050091000030200400100000105067000000000003007000006700090400000200000506010002
000001280008009001000000350620000000980005670000040000090400000503120000000700063
000050087000782000300100000005003020604090003100000000007000450000006200000830071
000000000007009651000310890000500080009002730406000000028600000000000005010003420
006903200003000004008040001090001820060390010010200040000000000000002000005600908
000000000000200480031089000700098034006107500200004006000000300620000005000001002
000006005090000000000030708308072060060050000000080000000304000050020084002095301
050000193007400000800090400060000205700000610080005000000040030000021900070809000
001000000900607000004009610007008200090004030000000000030900000070040028508031040
013004000000000090020050070509800102300000000060300800052000019000000605007006200
060000009570010620000200030000301005000509000004070000201050060000000300098000054
080209005006100320070080060020010000000006030501800040090040700002000000000690000
030002000000604007092803000000250014000000039000007280050001000080000045007000600
000000004000527000150009000400008000000090007000300085002000803030085070710060090
000041800300500600000008020000000003005600000040852070000100900900000001018039200
306000000080014007040000506000925800020700000000000010600500030000490000005000294
000109003000000020600000000380000902006070050079005800000004017000520008020001060
000000200000001748090328005030000000600145080000080010009000000002400000100250090
000007100000030000060008020004090000100000503200400780000073400002159307070000000
000014000005800000700000006400020300090070102060050008014000037000000640000109800
030090000000010786106000000080900032005000100040000950000004200000070060300080014
074000005000070010009504300030006400040000200106002809060000020000203500000001000
000073200100045000780900060060008000000000090000000012009104630804000000010002050
000927000000003050703061000310006004800000000400000298070600000000102000002000403
003000004040060000000007160050080001700000243001000806002090000000250400030008700
005800000030002010000076430050008290402000000397000000009103080000509006000000000
000068010000201049003000008000005204002080000000340060100000000000000905090576001
400016700030900000100080000000500310000709000002000000000300005704600080050092140
000000040000058002000600010075096000004000900013702000000401070037000080200080090
590000000017000489000000607000000000003746000000900000008052010000087500005100360
000000006600000320200007000000850000500000001000049000004762103010030400000001578
070063980000700000000000607017000000090002031080046200000005000000018000905300040
006900074008020006000047010000000090050000008900710000005468200009000060000501000
000007490700165000000000000210000900907086013080000050800609700000500000030000020
009004060730006020000300007400000508500000000062000030000000300050900270040560010
000000010000000470800000209002050000030007080140090600000001860070209000010805300
700000020002000306600000805005000002000461000400500009000009058000010004081002060
010063780000000030000209500000810076006000000090050000201090008600000040080002005
000030000903007004000204060790023000300070600650001008000500170000040802000000000
000173000600000900000000038000804010000530600008001090080052004400000000001009065
007000600080001000001006004000020030000590210005000080070000500008052000036400108
070800904000006180023000700700000000000130000008004200000001030006502070004000806
150000030000517200000030004000060403082000700090071000908000650005000000000050040
000000970000409000000130080000300002004800105028900040006000000010008067905002000
300006008800000000000009321460200080050000007000804050004070100000000765000005090
028400060009000000400030709000008000010000000600140000080305000060800052090002078
100003094000400605062000010903000000000002700070600000030000080000040050804107003
600020080030008000051040006000002400043000890000000007500070009010000050004006320
009600000000025900500000001030207004002019800000000010000001000100000536078406000
003070000090050860200300000802530000000007000010896000004001780006020309000000000
060400000009080607400030000000001000020800000004700360080902000003060820006000079
005300000901000300308600001000072800000100050006000090000080704003060000210030900
020009006300006400600870100010000000080500000700000054500208003000740600040050000
204100007050003908003000600000080490190007000002006000800002000006001800000600050
800020050003000001000080900500809310620050080000002004300090006010000000207005000
609250040030000200005009070000000000070800002203004000000560091080000000000002764
000489000000000060000000418100750080340000000002100000080905042700040009000800003
051047000000000000000500002800010307070800100025400900006000080009050000000390504
000230000200800610000000040000070050050000306003102800006900500008000200009361000
503007020100002903002030006000300000097001000040098000050000000800070002000804600
000600000060500042000003007009460070008009000020008100054000008800000315030000200
000100280040070000070608400000309716000000302000400000700004090000000500809206000
000006003009001080060052100000200739000000000703008000100060005004000607000045001
090000100000000008080057000014098000002070001900501003020006000600000409000040035
035000007078000020000002080000209010000806243000030000040000000000005160007100805
050090000030600000000401000070000006400000290010042008000005100060700020700320059
900087000001090030000000002002740000000060003006002005040010070107800096003000100
000400100080700020000000607000003000300170040027005890500000000010080400000309208
000370009500006008000100000009600100406090053037000900000500701100400000000007200
004020906100000000090380000305100000000000100280040003070000009000090750023078000
070150040105000083804000060700010004000000600000804052000096001000000000006000370
000108005210030009000000030060920001000860304000000060000000070300070400120005008
050070090100000003780300500000000006360050000008000309000000204802040000001690080
000000500009010006060500090870200400003000005294000000180090000000430607000800020
000009005000400003049010208080000000900040700000830054000020000070500040001607002
060003500020008190701900080004000000290000000000030269000090001050600000040075000
004708000007010800000040012000000070015000046609000080020004003000560000000003520
003008102000005000008710003000000728307000410000600050060050007010000890009000000
300900007001006000005000008100200000002513400906080000007000100000300072000004069
008000013060078009002603000000020000200001400010080000000000720501290006000005008
060081290400000670790000050030000000000215000004600000002800706006040001000060000
000050100006000090000708003500300800000001046060507000190000420000000089205000070
000000160390080200000400003082000000007000045005000830001240070000008000060970001
000000002000009634580020009903001070000000006061000080300100020048790000005000000
003009260806031000900000000300268100090000700000400038050002400000100000000703000
000000007009000080007400260000074002080003000000250008090005001028000075300900600
050047008700080020090030010002700000000051000800000060000800057020003004001000906
000005008000670009000000071058000304070000000030000520006058000980703000000402003
000007500000000034005900008500001007600070050300026000200800009001603800000010006
000000700020068090008900500050207089000500030087000100000100304000003000640700000
405209000080000000700000051000301004010602790500008200000000065060900000001800000
100309504083000900050000000001600870000001000430005100006002087005000300070000000
302080500000200007800900600001000009000057010000000080400870003100000070900031040
000008005060000900400070010080627300500000000000010608009000230650200401000300000
000000000000400067400000835600510000002000010704080050020004700003209000000600109
080000005000200000500408000000000012040080000962000073190030700030800640000071000
000700000104900050900560020003000000006018400209000700000602001000000900060090530
000000090005000308920006001500120409001000200000008500000080000007060800034900020
000800000030621000701000300300000605020050970005790000010000000000004020080000546
240000970000000040000100600300004100602810500010070096050000000000305700000400020
006900002000038050300605000000200018200007000500000003800000301040000609060403000
305480920060010040000320000090000800020000307000000401430000000600590010000800000
000000000080057000000000619008009004000082000002500000025740060060900450010000082
050968000000001000900030100200800300008004500000000009006070090002040030000205064
103260004090030008000800500009008053700000900500000180070000005000000600300600010
490061002000000000000209080000907608500000020800600001000000000000300240006105730
603210000000000000000050431060080009042360500007000004001000068080030000009020000
001004020200000305400020016002700000000010794000003000010890000000007500000005031
090040057002500009000060400015072000600000030000300020200007800100000000000001943
080000400020010000000000239700020000060009100000600354000000005900365008400180000
000704030020001490000005001060200700003900050007010040000000270300000080090300004
003060980005002401004000600900020036000000710000006209000000000001030008600400100
000005007507894010000100000000960230000000051004007000125000960000000100008600000
000000000425000009009780500000003058000200000030078000090040000307091000800650040
007006400008900010300000859200400000000008000006000003001620508000050090900010700
430000001720000040000603000080030200010900800900700064000009080000050030000070450
500000060000600527010000900008000000000083601154000000009560208800700000000290000
063800400000061000050300000000700008000032000000400302008073500007600910000050600
004000015020370004000001000002865000590000000703900002070009000000007300300000420
000003001050000060100000387020050600000004005030082000608020090000007100005008070
040002000009300601003800009001000000000098005200057904058000006070000000900000107
006002000900000071070010340090080600085000000040000007004000053000860102000530000
000000160900040003040020000001700300090000400420069075000208050106000032000000000
487069000006000000000000040020000000000504030050013420908000700000008062070000903
002009008680205700030017000017500000000000003000000204004300007000008046000090020
150004080700501030004000700900000042000120000000000100000460000206093800800000007
001000004020000900004010060090007032000030507006020800000073020000800000675001000
000060010650090080000004005801000000009000032000001090003009050090002004005400071
050009080002000170080030600006100000073000000000020000005002000010304708040800063
020000000004800760917060000000050000000003602100000400002006900000540300400107500
